1 3.1935 6.40325 4.81142 29.1951 -2 11.5967 13.5967 1.61803
2 1.20976 3.1935 0.0439979 4.81142 -2 6.40325 8.40325 1.61803
3 -0.0162612 1.20976 1.03279 0.0439979 -2 3.1935 5.1935 1.61803
4 1.20976 1.96748 0.0439979 0.936013 -0.0162612 3.1935 3.20976 1.61803
5 0.74146 1.20976 0.0668432 0.0439979 -0.0162612 1.96748 1.98374 1.61803
6 1.20976 1.49918 0.0439979 0.249181 0.74146 1.96748 1.22602 1.61803
7 1.03088 1.20976 0.000953768 0.0439979 0.74146 1.49918 0.757721 1.61803
8 0.920333 1.03088 0.00634681 0.000953768 0.74146 1.20976 0.468297 1.61803
9 1.03088 1.09921 0.000953768 0.00984198 0.920333 1.20976 0.289424 1.61803
10 0.988657 1.03088 0.000128668 0.000953768 0.920333 1.09921 0.178874 1.61803
11 0.962559 0.988657 0.00140179 0.000128668 0.920333 1.03088 0.11055 1.61803
12 0.988657 1.00479 0.000128668 2.29041e-05 0.962559 1.03088 0.0683236 1.61803
13 1.00479 1.01475 2.29041e-05 0.000217684 0.988657 1.03088 0.0422263 1.61803
14 0.998625 1.00479 1.89041e-06 2.29041e-05 0.988657 1.01475 0.0260973 1.61803
15 0.994818 0.998625 2.6858e-05 1.89041e-06 0.988657 1.00479 0.016129 1.61803
16 0.998625 1.00098 1.89041e-06 9.57019e-07 0.994818 1.00479 0.00996829 1.61803
17 1.00098 1.00243 9.57019e-07 5.91767e-06 0.998625 1.00479 0.00616074 1.61803
18 1.00008 1.00098 6.30964e-09 9.57019e-07 0.998625 1.00243 0.00380755 1.61803
19 0.999524 1.00008 2.26652e-07 6.30964e-09 0.998625 1.00098 0.00235319 1.61803
20 1.00008 1.00042 6.30964e-09 1.78726e-07 0.999524 1.00098 0.00145435 1.61803
21 0.999867 1.00008 1.76236e-08 6.30964e-09 0.999524 1.00042 0.00089884 1.61803
22 1.00008 1.00021 6.30964e-09 4.43407e-08 0.999867 1.00042 0.000555514 1.61803
23 0.999998 1.00008 2.60811e-12 6.30964e-09 0.999867 1.00021 0.000343326 1.61803
24 0.999948 0.999998 2.67347e-09 2.60811e-12 0.999867 1.00008 0.000212187 1.61804
25 0.999998 1.00003 2.60811e-12 8.6099e-10 0.999948 1.00008 0.000131139 1.61803
26 0.999979 0.999998 4.30478e-10 2.60811e-12 0.999948 1.00003 8.10483e-05 1.61803
27 0.999998 1.00001 2.60811e-12 1.04238e-10 0.999979 1.00003 5.00906e-05 1.61803
28 0.999991 0.999998 7.96232e-11 2.60811e-12 0.999979 1.00001 3.09577e-05 1.61803
29 0.999998 1 2.60811e-12 8.4193e-12 0.999991 1.00001 1.91329e-05 1.61803
30 0.999996 0.999998 1.94174e-11 2.60811e-12 0.999991 1 1.18248e-05 1.61803
31 0.999998 1 2.60811e-12 1.21331e-14 0.999996 1 7.30812e-06 1.61803
32 1 1 1.21331e-14 1.38398e-12 0.999998 1 4.51657e-06 1.61807
33 0.999999 1 3.01123e-13 1.21331e-14 0.999998 1 2.79139e-06 1.61803
34 1 1 1.21331e-14 2.67775e-13 0.999999 1 1.72517e-06 1.61803
35 1 1 2.00188e-14 1.21331e-14 0.999999 1 1.06622e-06 1.61803
36 1 1 1.21331e-14 7.0634e-14 1 1 6.58958e-07 1.61803
37 1 1 1.97993e-16 1.21331e-14 1 1 4.07259e-07 1.61803
38 1 1 2.0585e-15 1.97993e-16 1 1 2.51638e-07 1.61843
39 1 1 1.97993e-16 2.57521e-15 1 1 1.55521e-07 1.61803
40 1 1 7.4947e-17 1.97993e-16 1 1 9.61172e-08 1.61803
