Результат при  t_j = 3.0
setka	    q	        u	         q - u
1.10000000	10.21000000	10.21000000	0.00000000
1.20000000	10.43993255	10.44000000	-0.00006745
1.30000000	10.68989531	10.69000000	-0.00010469
1.40000000	10.95987930	10.96000000	-0.00012070
1.50000000	11.24987850	11.25000000	-0.00012150
1.60000000	11.55988888	11.56000000	-0.00011112
1.70000000	11.88990770	11.89000000	-0.00009230
1.80000000	12.23993318	12.24000000	-0.00006682
1.90000000	12.60996416	12.61000000	-0.00003584
2.00000000	13.00000000	13.00000000	0.00000000
Норма погрешности решения: 0.0002673092141408249

Результат при  t_j = 4.0
setka	    q	        u	         q - u
1.10000000	17.21000000	17.21000000	0.00000000
1.20000000	17.43991743	17.44000000	-0.00008257
1.30000000	17.68986939	17.69000000	-0.00013061
1.40000000	17.95984732	17.96000000	-0.00015268
1.50000000	18.24984496	18.25000000	-0.00015504
1.60000000	18.55985767	18.56000000	-0.00014233
1.70000000	18.88988195	18.89000000	-0.00011805
1.80000000	19.23991511	19.24000000	-0.00008489
1.90000000	19.60995503	19.61000000	-0.00004497
2.00000000	20.00000000	20.00000000	0.00000000
Норма погрешности решения: 0.00033859795119149373

Результат при  t_j = 5.0
setka	    q	        u	         q - u
1.10000000	26.21000000	26.21000000	0.00000000
1.20000000	26.43991913	26.44000000	-0.00008087
1.30000000	26.68987225	26.69000000	-0.00012775
1.40000000	26.95985075	26.96000000	-0.00014925
1.50000000	27.24984847	27.25000000	-0.00015153
1.60000000	27.55986089	27.56000000	-0.00013911
1.70000000	27.88988460	27.89000000	-0.00011540
1.80000000	28.23991698	28.24000000	-0.00008302
1.90000000	28.60995598	28.61000000	-0.00004402
2.00000000	29.00000000	29.00000000	0.00000000
Норма погрешности решения: 0.000331055304136469

Результат при  t_j = 6.0
setka	    q	        u	         q - u
1.10000000	37.21000000	37.21000000	0.00000000
1.20000000	37.43992104	37.44000000	-0.00007896
1.30000000	37.68987555	37.69000000	-0.00012445
1.40000000	37.95985486	37.96000000	-0.00014514
1.50000000	38.24985282	38.25000000	-0.00014718
1.60000000	38.55986496	38.56000000	-0.00013504
1.70000000	38.88988796	38.89000000	-0.00011204
1.80000000	39.23991933	39.24000000	-0.00008067
1.90000000	39.60995717	39.61000000	-0.00004283
2.00000000	40.00000000	40.00000000	0.00000000
Норма погрешности решения: 0.000321836084775258

Результат при  t_j = 7.0
setka	    q	        u	         q - u
1.10000000	50.21000000	50.21000000	0.00000000
1.20000000	50.43992140	50.44000000	-0.00007860
1.30000000	50.68987616	50.69000000	-0.00012384
1.40000000	50.95985563	50.96000000	-0.00014437
1.50000000	51.24985364	51.25000000	-0.00014636
1.60000000	51.55986573	51.56000000	-0.00013427
1.70000000	51.88988860	51.89000000	-0.00011140
1.80000000	52.23991978	52.24000000	-0.00008022
1.90000000	52.60995739	52.61000000	-0.00004261
2.00000000	53.00000000	53.00000000	-0.00000000
Норма погрешности решения: 0.0003201075898023478

Результат при  t_j = 8.0
setka	    q	        u	         q - u
1.10000000	65.21000000	65.21000000	0.00000000
1.20000000	65.43992130	65.44000000	-0.00007870
1.30000000	65.68987600	65.69000000	-0.00012400
1.40000000	65.95985542	65.96000000	-0.00014458
1.50000000	66.24985342	66.25000000	-0.00014658
1.60000000	66.55986552	66.56000000	-0.00013448
1.70000000	66.88988843	66.89000000	-0.00011157
1.80000000	67.23991966	67.24000000	-0.00008034
1.90000000	67.60995733	67.61000000	-0.00004267
2.00000000	68.00000000	68.00000000	0.00000000
Норма погрешности решения: 0.00032057307244802896

Результат при  t_j = 9.0
setka	    q	        u	         q - u
1.10000000	82.21000000	82.21000000	0.00000000
1.20000000	82.43992124	82.44000000	-0.00007876
1.30000000	82.68987589	82.69000000	-0.00012411
1.40000000	82.95985529	82.96000000	-0.00014471
1.50000000	83.24985328	83.25000000	-0.00014672
1.60000000	83.55986539	83.56000000	-0.00013461
1.70000000	83.88988832	83.89000000	-0.00011168
1.80000000	84.23991958	84.24000000	-0.00008042
1.90000000	84.60995729	84.61000000	-0.00004271
2.00000000	85.00000000	85.00000000	0.00000000
Норма погрешности решения: 0.00032087369400487863

Результат при  t_j = 10.0
setka	    q	        u	         q - u
1.10000000	101.21000000	101.21000000	0.00000000
1.20000000	101.43992123	101.44000000	-0.00007877
1.30000000	101.68987588	101.69000000	-0.00012412
1.40000000	101.95985527	101.96000000	-0.00014473
1.50000000	102.24985326	102.25000000	-0.00014674
1.60000000	102.55986537	102.56000000	-0.00013463
1.70000000	102.88988830	102.89000000	-0.00011170
1.80000000	103.23991957	103.24000000	-0.00008043
1.90000000	103.60995729	103.61000000	-0.00004271
2.00000000	104.00000000	104.00000000	0.00000000
Норма погрешности решения: 0.000320907752403566

1.1 1.1 1.2 1.3 1.4 1.5 1.6 1.7 1.8 1.9 2