1 9 9 64 64 -2 9 11 2
2 3.5 3.5 6.25 6.25 -2 3.5 5.5 2
3 0.75 0.75 0.0625 0.0625 0.75 3.5 2.75 2
4 2.125 2.125 1.26562 1.26563 0.75 2.125 1.375 2
5 1.4375 1.4375 0.191406 0.191406 0.75 1.4375 0.6875 2
6 1.09375 1.09375 0.00878906 0.00878906 0.75 1.09375 0.34375 2
7 0.921875 0.921875 0.00610352 0.00610352 0.921875 1.09375 0.171875 2
8 1.00781 1.00781 6.10352e-05 6.10352e-05 0.921875 1.00781 0.0859375 2
9 0.964844 0.964844 0.00123596 0.00123596 0.964844 1.00781 0.0429688 2
10 0.986328 0.986328 0.00018692 0.00018692 0.986328 1.00781 0.0214844 2
11 0.99707 0.99707 8.58307e-06 8.58306e-06 0.99707 1.00781 0.0107422 2
12 1.00244 1.00244 5.96046e-06 5.96047e-06 0.99707 1.00244 0.00537109 2
13 0.999756 0.999756 5.96047e-08 5.96042e-08 0.999756 1.00244 0.00268555 2
14 1.0011 1.0011 1.20699e-06 1.207e-06 0.999756 1.0011 0.00134277 2
15 1.00043 1.00043 1.82539e-07 1.8254e-07 0.999756 1.00043 0.000671388 2
16 1.00009 1.00009 8.38188e-09 8.38206e-09 0.999756 1.00009 0.000335694 2
17 0.999924 0.999924 5.82079e-09 5.82063e-09 0.999924 1.00009 0.000167848 1.99999
18 1.00001 1.00001 5.82056e-11 5.82208e-11 0.999924 1.00001 8.39243e-05 1.99999
19 0.999966 0.999966 1.17871e-09 1.17865e-09 0.999966 1.00001 4.19627e-05 1.99998
20 0.999987 0.999987 1.78265e-10 1.78238e-10 0.999987 1.00001 2.09818e-05 1.99995
21 0.999997 0.999997 8.18623e-12 8.18051e-12 0.999997 1.00001 1.04914e-05 1.9999
22 1 1 5.68369e-12 5.68846e-12 0.999997 1 5.24621e-06 1.99981
23 1 1 5.69085e-14 5.64324e-14 1 1 2.6236e-06 1.99962
24 1 1 1.15079e-12 1.15293e-12 1 1 1.3123e-06 1.99924
25 1 1 1.73969e-13 1.74804e-13 1 1 6.56651e-07 1.99848
26 1 1 7.96924e-15 8.14878e-15 1 1 3.28826e-07 1.99696
27 1 1 5.57145e-15 5.42317e-15 1 1 1.64913e-07 1.99394
