1 33.5967 14.8065 0 190.62 6.40325 20 13.5967 1.61803
2 9.61301 33.5967 74.1839 0 6.40325 14.8065 8.40325 1.61803
3 33.5967 12.8228 0 139.778 9.61301 14.8065 5.1935 1.61803
4 10.839 33.5967 96.8065 0 9.61301 12.8228 3.20976 1.61803
5 33.5967 12.065 0 122.435 10.839 12.8228 1.98374 1.61803
6 11.3073 33.5967 106.241 0 10.839 12.065 1.22602 1.61803
7 33.5967 11.7756 0 116.114 11.3073 12.065 0.757721 1.61803
8 11.4862 33.5967 109.96 0 11.3073 11.7756 0.468297 1.61803
9 33.5967 11.6651 0 113.744 11.4862 11.7756 0.289424 1.61803
10 11.5545 33.5967 111.398 0 11.4862 11.6651 0.178874 1.61803
11 33.5967 11.6228 0 112.845 11.5545 11.6651 0.11055 1.61803
12 11.5806 33.5967 111.949 0 11.5545 11.6228 0.0683236 1.61803
13 33.5967 11.6067 0 112.502 11.5806 11.6228 0.0422263 1.61803
14 11.5906 33.5967 112.161 0 11.5806 11.6067 0.0260973 1.61803
15 33.5967 11.6006 0 112.372 11.5906 11.6067 0.016129 1.61803
16 11.5944 33.5967 112.241 0 11.5906 11.6006 0.00996828 1.61803
17 33.5967 11.5982 0 112.322 11.5944 11.6006 0.00616074 1.61803
18 11.5958 33.5967 112.272 0 11.5944 11.5982 0.00380755 1.61803
19 33.5967 11.5973 0 112.303 11.5958 11.5982 0.00235319 1.61803
20 11.5964 33.5967 112.284 0 11.5958 11.5973 0.00145435 1.61803
21 33.5967 11.597 0 112.296 11.5964 11.5973 0.00089884 1.61803
22 11.5966 33.5967 112.288 0 11.5964 11.597 0.000555513 1.61803
23 33.5967 11.5968 0 112.293 11.5966 11.597 0.000343326 1.61803
24 11.5967 33.5967 112.29 0 11.5966 11.5968 0.000212187 1.61803
25 33.5967 11.5968 0 112.292 11.5967 11.5968 0.000131139 1.61803
26 11.5967 33.5967 112.291 0 11.5967 11.5968 8.10483e-05 1.61803
27 33.5967 11.5968 0 112.291 11.5967 11.5968 5.00906e-05 1.61803
28 11.5967 33.5967 112.291 0 11.5967 11.5968 3.09577e-05 1.61804
29 33.5967 11.5968 0 112.291 11.5967 11.5968 1.9133e-05 1.61803
30 11.5967 33.5967 112.291 0 11.5967 11.5968 1.18247e-05 1.61806
31 33.5967 11.5967 0 112.291 11.5967 11.5968 7.30831e-06 1.61798
32 11.5967 33.5967 112.291 0 11.5967 11.5967 4.51637e-06 1.61818
33 33.5967 11.5967 0 112.291 11.5967 11.5967 2.79194e-06 1.61765
34 11.5967 33.5967 112.291 0 11.5967 11.5967 1.72443e-06 1.61905
35 33.5967 11.5967 0 112.291 11.5967 11.5967 1.06751e-06 1.61538
36 11.5967 33.5967 112.291 0 11.5967 11.5967 6.56926e-07 1.625
37 33.5967 11.5967 0 112.291 11.5967 11.5967 4.10579e-07 1.6
38 11.5967 33.5967 112.291 0 11.5967 11.5967 2.46347e-07 1.66667
39 33.5967 11.5967 0 112.291 11.5967 11.5967 1.64232e-07 1.5
